1.339e-01
-8.810e-02
1.674e+00
7.336e-01
9.975e-01
-1.278e+00
-2.397e+00
-6.793e-01
-3.909e-02
8.936e-01
-1.765e-02
-1.297e+00
-6.680e-01
1.817e-01
8.311e-01
-5.482e-01
-6.380e-01
7.089e-03
-6.699e-01
-8.278e-01
6.125e-01
-3.676e-01
-2.895e-01
-9.169e-01
-5.838e-01
6.462e-02
4.674e-02
-7.507e-01
-1.442e-01
1.476e+00
-2.065e-01
-2.607e-01
-1.382e-01
-2.543e+00
5.774e-01
-3.611e-02
-2.262e-01
7.150e-01
1.577e+00
-3.923e-01
1.183e+00
1.793e+00
-7.313e-01
-6.298e-01
2.071e+00
-9.030e-01
1.736e+00
1.383e+00
-3.754e-01
-3.043e-01
1.254e+00
-2.738e-01
-4.633e-02
7.990e-01
5.400e-01
8.585e-02
1.355e+00
1.385e-02
7.514e-01
-1.575e+00
-2.374e-01
3.365e-01
-7.960e-02
-5.409e-01
-1.380e+00
1.717e+00
4.181e-01
1.525e+00
6.865e-01
-5.886e-01
1.317e+00
-8.330e-01
7.740e-01
-8.035e-01
-8.543e-02
1.496e+00
3.978e-01
3.338e+00
1.801e+00
1.756e+00
6.675e-01
-1.050e+00
3.294e-01
4.551e-01
-2.347e+00
-6.139e-01
-2.162e+00
-1.001e+00
-4.623e-01
-8.176e-01
1.844e-01
-3.949e-01
-1.670e+00
-9.451e-01
3.570e-03
1.156e+00
1.877e+00
1.122e-01
1.812e-01
1.278e+00
